PARAMETERS

>>> x0: 0.0

>>> ERROR_THRESHOLD: 0.01

>>> N_MAX_ITERATIONS: 56.0

>>> N_FLOATING_POINTS: 4.0


x0=0.5
g(x0)=0.6065

__________________
INITIAL CONDITION SATISFIED
f(x): e^(-x) -x
x0: 0.5
Making f(x) = 0 and x = G(x)
	G(x): e^-x
	G(x0): 0.6065
	>>> |G(x0)| < 1 OK <<<

__________________
ITERATION: 1
x: 0.5
f(x): 0.1065
G(x): 0.6065

x0: 0.5
x1: 0.6065
|x1 - x0| = 0.10650000000000004 < 0.01: False
ROOT: 0.6065

__________________
ITERATION: 2
x: 0.6065
f(x): -0.0612
G(x): 0.5452

x1: 0.6065
x2: 0.5452
|x2 - x1| = 0.06130000000000002 < 0.01: False
ROOT: 0.5452

__________________
ITERATION: 3
x: 0.5452
f(x): 0.0345
G(x): 0.5797

x2: 0.5452
x3: 0.5797
|x3 - x2| = 0.034499999999999975 < 0.01: False
ROOT: 0.5797

__________________
ITERATION: 4
x: 0.5797
f(x): -0.0196
G(x): 0.56

x3: 0.5797
x4: 0.56
|x4 - x3| = 0.01969999999999994 < 0.01: False
ROOT: 0.56

__________________
ITERATION: 5
x: 0.56
f(x): 0.0112
G(x): 0.5712

x4: 0.56
x5: 0.5712
|x5 - x4| = 0.011199999999999988 < 0.01: False
ROOT: 0.5712

__________________
ITERATION: 6
x: 0.5712
f(x): -0.0063
G(x): 0.5648

x5: 0.5712
x6: 0.5648
|x6 - x5| = 0.006400000000000072 < 0.01: True
ROOT: 0.5648
Encontrou a solução
ROOT: 0.5648
f(x=ROOT): 0.0036
